Accuracy: 0.855720

Classification report:
                precision     recall   f1-score    support

     emitter 0     0.9013     0.9043     0.9028        303
     emitter 1     0.8596     0.8284     0.8437        303
     emitter 2     0.8798     0.6879     0.7721        298
     emitter 3     0.9587     0.9183     0.9381        404
     emitter 4     0.7478     0.8756     0.8067        193
     emitter 5     0.9170     0.7294     0.8125        303
     emitter 6     0.7812     0.8663     0.8216        404
     emitter 7     0.8256     0.9522     0.8844        502

      accuracy                           0.8557       2710
     macro avg     0.8589     0.8453     0.8477       2710
  weighted avg     0.8617     0.8557     0.8546       2710


Confusion matrix counts:
[[274   1   0   0  10   0   4  14]
 [  2 251   2   1  13   7   5  22]
 [ 14   8 205   3  18   2  40   8]
 [  0   0  12 371   2   0   6  13]
 [  0   8   0   4 169   2   8   2]
 [  5  16   0   0   6 221  23  32]
 [  7   7  14   1   6   9 350  10]
 [  2   1   0   7   2   0  12 478]]

Confusion matrix normalized:
[[0.9043 0.0033 0.     0.     0.033  0.     0.0132 0.0462]
 [0.0066 0.8284 0.0066 0.0033 0.0429 0.0231 0.0165 0.0726]
 [0.047  0.0268 0.6879 0.0101 0.0604 0.0067 0.1342 0.0268]
 [0.     0.     0.0297 0.9183 0.005  0.     0.0149 0.0322]
 [0.     0.0415 0.     0.0207 0.8756 0.0104 0.0415 0.0104]
 [0.0165 0.0528 0.     0.     0.0198 0.7294 0.0759 0.1056]
 [0.0173 0.0173 0.0347 0.0025 0.0149 0.0223 0.8663 0.0248]
 [0.004  0.002  0.     0.0139 0.004  0.     0.0239 0.9522]]

Extra metrics:
classes [2, 5] weighted: accuracy=0.7088, precision=0.9954, recall=0.9953, f1=0.9953
classes [2, 5] macro: accuracy=0.7088, precision=0.9955, recall=0.9952, f1=0.9953
all classes weighted: accuracy=0.8557, precision=0.8617, recall=0.8557, f1=0.8546
all classes macro: accuracy=0.8557, precision=0.8589, recall=0.8453, f1=0.8477
