Accuracy: 0.707937

Classification report:
                precision     recall   f1-score    support

     emitter 0     0.6602     0.6476     0.6538        105
     emitter 1     0.8866     0.8190     0.8515        105
     emitter 2     0.6000     0.6571     0.6273        105

      accuracy                           0.7079        315
     macro avg     0.7156     0.7079     0.7109        315
  weighted avg     0.7156     0.7079     0.7109        315


Confusion matrix counts:
[[68  4 33]
 [ 6 86 13]
 [29  7 69]]

Confusion matrix normalized:
[[0.6476 0.0381 0.3143]
 [0.0571 0.819  0.1238]
 [0.2762 0.0667 0.6571]]

Extra metrics:
classes [2, 5] weighted: accuracy=0.6571, precision=1.0000, recall=1.0000, f1=1.0000
classes [2, 5] macro: accuracy=0.6571, precision=0.5000, recall=0.5000, f1=0.5000
all classes weighted: accuracy=0.7079, precision=0.7156, recall=0.7079, f1=0.7109
all classes macro: accuracy=0.7079, precision=0.7156, recall=0.7079, f1=0.7109
